
1768,-4324,14432,-402,120,-107,

1796,-4332,14444,-425,145,-131,

1756,-4176,14504,-397,105,-114,

1788,-4256,14460,-412,120,-107,

1792,-4348,14484,-380,119,-106,

1780,-4288,14352,-416,91,-134,

1720,-4308,14532,-400,107,-94,

1756,-4252,14428,-407,106,-126,

1736,-4244,14432,-402,92,-122,

8472,21348,8708,-32768,9564,-17065,

3168,-5312,-17184,3413,53,-245,

4500,-13156,8680,31334,-8662,5776,

3672,680,15324,-5781,2619,-4356,

4912,15060,668,5704,-1152,1114,

1248,-2868,7880,-32768,32109,-9834,

4884,-8664,11708,-5629,-1987,794,

-15436,-3056,-3724,455,-170,-79,

-10836,-13468,-3812,-7867,-3218,-17047,

11556,-8836,9500,-804,14158,-1653,

9212,-7200,-20432,15301,-14581,-18310,

10280,-13140,5832,21028,25894,9051,

-9884,-8224,7632,-32768,3969,32767,

-15092,1248,-4152,523,567,-826,

2428,-20008,8788,-13172,-10863,-3348,

16000,-5412,2060,250,-2527,-12077,

16784,-368,1924,1219,2582,4398,

5380,-13380,10352,-11550,-8782,3150,

-3064,-11756,-12560,-332,162,-51,

4712,-13828,5064,16365,-4689,-16637,

-1948,-14020,-1744,-9045,-7435,26153,

-15968,-1964,-1148,259,-292,-1824,

-1932,-14336,6812,-3560,-4552,741,

14644,4292,3632,-3036,-1668,-9074,

12848,-5204,5724,-7435,2462,20031,

3952,-9080,11372,-7090,2853,32767,

1852,-8316,12688,-208,119,-137,

-2820,3908,12840,-9981,-7073,5113,

508,-1412,14832,-390,112,-88,

520,-1424,14884,-412,98,-132,

548,-1396,14972,-413,114,-102,

540,-1368,14900,-398,107,-115,

604,-1348,14788,-390,112,-120,

608,-1428,14880,-406,113,-124,

572,-1492,14960,-404,127,-107,

680,-1448,14992,-418,108,-102,

452,-1456,14864,-422,113,-100,

568,-1392,14892,-405,93,-110,

568,-1344,14968,-404,119,-114,

636,-1428,14920,-392,109,-130,

556,-1452,14956,-423,125,-96,

568,-1332,14984,-394,83,-107,

616,-1396,14716,-417,105,-125,

520,-1340,14960,-407,126,-119,

628,-1384,14888,-415,111,-117,

568,-1344,15000,-409,118,-114,

584,-1440,14956,-410,113,-133,

532,-1412,14804,-416,137,-107,

612,-1380,14980,-395,136,-103,

628,-1332,14864,-411,94,-105,

600,-1384,14780,-416,121,-122,

600,-1360,14988,-424,105,-112,

632,-1428,14872,-410,95,-102,

660,-1396,14892,-379,89,-97,

628,-1344,14900,-408,132,-116,

612,-1396,14768,-426,111,-124,

1024,-4156,15300,23879,15839,7307,

428,-2004,14860,-528,274,-154,

456,-2028,14940,-414,106,-123,

536,-2020,14816,-400,110,-126,

464,-1976,14824,-392,94,-109,

492,-2000,14820,-411,124,-128,

556,-1992,14852,-383,139,-120,

512,-1980,14948,-402,107,-127,

416,-2020,14840,-425,108,-111,

392,-2016,14712,-397,123,-103,

484,-2044,14844,-395,119,-106,

556,-2064,14856,-401,109,-129,

576,-2068,14832,-426,103,-127,

484,-2040,14724,-404,112,-106,

484,-1976,14848,-386,131,-104,

488,-2056,14804,-422,131,-114,

488,-1948,14860,-410,124,-112,

492,-2088,14812,-415,118,-110,

564,-2004,14812,-404,103,-110,

424,-2024,14840,-406,134,-137,

488,-1980,14824,-420,133,-106,

432,-1960,14712,-401,130,-126,

560,-1960,14864,-408,138,-123,

-13892,-2164,5132,192,10303,8581,

-15592,-1628,308,-418,-1462,-1296,

-11084,-10024,1052,-5310,10724,-9645,

3420,584,-18308,311,-1395,-630,

-10488,-7984,-30344,18096,32767,-2724,

5288,-12304,9084,6401,-16194,-9546,

13284,-7756,4956,-834,-1139,-19,

13052,-8376,4824,-4270,2151,6681,

-2436,-444,15460,17659,-13794,-5744,

1380,-788,14900,-384,109,-33,

1436,-748,14924,-423,97,-122,

1412,-740,14796,-408,106,-123,

1388,-848,14832,-402,115,-121,

1428,-716,14924,-402,127,-133,

1416,-728,14892,-410,117,-123,

1468,-612,14996,-408,128,-94,

1416,-772,14896,-395,118,-102,

1376,-760,14828,-411,101,-123,

1504,-872,14928,-401,102,-104,

1500,-760,14828,-396,128,-114,

1544,-748,14796,-429,117,-152,

1384,-724,14808,-395,104,-140,

1472,-692,14996,-429,129,-138,

1372,-696,14740,-411,109,-88,

1372,-856,15028,-404,116,-116,

1524,-860,14940,-412,95,-107,

1424,-640,14996,-417,110,-110,

1464,-708,14740,-411,126,-136,

1456,-776,14904,-412,129,-130,

1460,-776,15032,-397,126,-118,

1428,-752,14984,-398,113,-115,

1548,-804,14900,-397,100,-122,

1400,-680,14748,-378,121,-106,

1428,-696,14904,-411,117,-111,

1468,-768,14880,-390,127,-135,

1520,-744,14904,-396,107,-126,

1500,-704,14824,-402,101,-135,

1372,-708,14892,-406,114,-119,

1412,-816,14944,-407,94,-131,

1460,-780,14896,-401,111,-101,

1544,-700,14864,-414,120,-102,

1432,-900,14932,-439,126,-116,

1356,-4396,20904,-6562,2874,-9862,

8592,9384,2140,9592,-173,-32768,

3236,-15272,11356,-18896,1678,15406,

-940,-9864,3400,-2378,4364,-3398,

-2640,-13252,-2984,-19581,14197,10842,

-8696,-8952,1692,-9263,1071,18883,

-15968,-14484,8304,-8854,32767,-8156,

-9236,-12020,-8072,758,-3389,-2369,

-7336,-10176,-7988,480,9314,10368,

10740,-6032,4552,2730,-2406,-7423,

-4796,-16104,-9068,-24389,18949,23988,

1460,-14324,-5928,7527,-1140,-14559,

-10168,-12492,4344,21462,-1841,2390,

-548,-11148,10076,-8740,2894,-3893,

1552,-772,14968,-427,150,-114,

1544,-708,14896,-382,121,-115,

1560,-812,14868,-399,111,-140,

1552,-792,14948,-402,132,-109,

1500,-776,14804,-412,115,-94,

1548,-720,14748,-388,101,-109,

1496,-788,14916,-383,152,-96,

1492,-792,14784,-415,97,-113,

1532,-756,15028,-379,116,-104,

1624,-744,14932,-398,102,-123,

1604,-716,14816,-403,130,-109,

1476,-784,14964,-414,105,-131,

1540,-812,14816,-369,97,-114,

1520,-736,14916,-413,124,-131,

1536,-764,14876,-405,107,-125,

1556,-788,14812,-404,116,-126,

1492,-708,14872,-402,101,-136,

1420,-676,14948,-405,107,-101,

1512,-700,14836,-410,107,-107,

1584,-808,14888,-401,115,-120,

1540,-864,14892,-402,123,-109,

1528,-792,14820,-389,128,-132,

1448,-680,15092,-419,108,-113,

1524,-752,15004,-409,129,-104,

1600,-808,14956,-413,119,-107,

1536,-848,14732,-397,117,-119,

1504,-776,14736,-399,104,-121,

1524,-764,14836,-417,119,-121,

1524,-844,14852,-413,130,-115,

1560,-688,14812,-386,97,-92,

1560,-716,14888,-406,126,-116,

1520,-736,14860,-397,118,-119,

1480,-752,14836,-387,91,-116,

1596,-800,14900,-417,110,-113,

1416,-732,14760,-401,132,-126,

1524,-848,14884,-409,104,-112,

1512,-680,14800,-378,108,-114,

1496,-748,14944,-396,148,-93,

1488,-680,14960,-385,108,-125,

1524,-704,14972,-405,122,-118,

1588,-724,14932,-391,131,-93,

1520,-736,14872,-411,123,-107,

1524,-748,15068,-394,129,-128,

1560,-672,15016,-403,114,-123,

1516,-804,14812,-403,128,-107,

1484,-732,14896,-424,123,-104,

1588,-728,14880,-391,123,-128,

1552,-716,14764,-414,112,-129,

1492,-736,14812,-401,111,-118,

1448,-720,14908,-421,125,-108,

1584,-712,14828,-404,131,-123,

1544,-652,14940,-382,126,-103,

1548,-792,14932,-406,142,-116,

1480,-724,14828,-390,97,-105,

1504,-728,14960,-396,103,-122,

1560,-732,14896,-411,114,-109,

1484,-816,14880,-382,111,-118,

1516,-772,14768,-400,106,-105,

1500,-768,14976,-411,110,-149,

1456,-680,14836,-388,157,-109,

-8,-14364,4040,-13387,2534,-458,

14832,-2028,4588,17767,4087,-21273,

3856,-13992,3408,-18422,9258,28550,

-8400,-14512,-3044,-819,-247,-3283,

1304,-1224,15944,-1272,-127,-3450,

1084,-2036,19968,506,-990,-3779,

11660,7272,7280,-709,501,143,

-1572,-6068,14212,6954,4122,3191,

-3168,-468,14624,-392,2314,-643,

964,-1100,15352,-1236,67,-2013,

1536,-776,14948,-419,109,-111,

1724,-776,14728,-361,108,-101,

1588,-816,14944,-417,119,-112,

1520,-968,15020,-391,100,-115,

1848,-872,14968,-396,110,-127,

1696,-896,14968,-389,124,-126,

1572,-776,14840,-392,115,-101,

1564,-836,14804,-408,134,-117,

1688,-768,14756,-412,115,-102,

1636,-872,14924,-404,95,-93,

1692,-772,14748,-437,115,-110,

1608,-776,14944,-416,142,-107,

1636,-860,14864,-404,91,-113,

1664,-872,14856,-415,111,-103,

1580,-820,14848,-397,122,-125,

1540,-856,15032,-413,115,-103,

1696,-816,14816,-396,119,-122,

1616,-852,14884,-396,103,-116,

1656,-804,14820,-414,116,-146,

1624,-848,14896,-404,118,-90,

1560,-844,14888,-406,105,-80,

1684,-776,14712,-422,120,-114,

1576,-836,15020,-417,105,-110,

1608,-868,14776,-368,117,-117,

1648,-836,14840,-419,114,-105,

1628,-804,14952,-395,116,-102,

1644,-756,14840,-399,93,-110,

1572,-828,14936,-391,103,-113,

1656,-828,14892,-398,118,-116,

1600,-720,14988,-380,99,-114,

1644,-908,14752,-397,105,-131,

1616,-784,14736,-413,104,-116,

1600,-828,14772,-401,85,-108,

1660,-828,14872,-403,111,-132,

1456,-716,14940,-405,118,-138,

1604,-808,14844,-403,108,-130,

1640,-836,14820,-413,131,-111,

1640,-816,14864,-423,124,-108,

1604,-792,14796,-428,115,-104,

1616,-856,14744,-383,105,-132,

1620,-864,14852,-411,136,-143,

1624,-880,14984,-410,148,-122,

1640,-804,14776,-405,112,-127,

1688,-916,14816,-403,116,-102,

1700,-744,15004,-398,110,-123,

1672,-820,14856,-406,109,-120,

1592,-824,14836,-422,105,-105,

1576,-756,14856,-399,97,-118,

1736,-944,14784,-401,158,-106,

1616,-756,14880,-411,123,-98,

1636,-736,14820,-417,119,-102,

1632,-760,15048,-428,103,-124,

1528,-820,14976,-408,131,-89,

1748,-848,14956,-408,140,-131,

1556,-796,14956,-413,123,-104,

1664,-868,14896,-434,118,-105,

1612,-860,14840,-405,134,-106,

1612,-808,14856,-418,99,-96,

1652,-776,14884,-408,115,-112,

1540,-820,14904,-411,124,-110,

1716,-896,14872,-380,108,-123,

1676,-848,14868,-384,87,-114,

1696,-828,14888,-408,110,-106,

1636,-772,14756,-403,129,-132,

1652,-832,14852,-416,90,-130,

1712,-804,14840,-424,110,-133,

1584,-756,14840,-393,128,-108,

1596,-864,14840,-404,112,-119,

1552,-844,14840,-411,134,-108,

1640,-708,14808,-409,122,-116,

1736,-828,14808,-397,129,-105,

1640,-856,14964,-394,117,-103,

1568,-808,14884,-419,119,-124,

1588,-920,14876,-402,113,-134,

1628,-824,14836,-418,114,-98,

1632,-796,14860,-393,104,-131,

-3196,-4728,13024,-10678,26865,6235,

-15600,-1320,216,-484,-611,-1208,

-15076,-3852,2352,-871,-1596,-1219,

-7564,-5172,9788,-2531,-22509,-4558,

16760,1424,-1188,-1945,-1823,-2316,

17020,1068,-1360,-4746,3156,-1839,

11372,-8712,13096,-17815,-6272,4286,

2484,-14096,-10076,-803,286,-268,

2568,-14140,-10060,-403,152,-47,
