
1772,-2484,14832,-401,119,-122,

1808,-2372,14772,-391,120,-144,

1880,-2436,14720,-377,110,-116,

1088,-15960,-3808,-32768,-13579,-8453,

-112,-10536,15516,-7626,6294,145,

1876,-4976,13820,-147,121,-144,

1836,-4672,14292,-410,96,-122,

1928,-4524,14232,-363,128,-138,

1952,-4492,14352,-350,141,-148,

1992,-4348,14264,-406,125,-129,

2008,-4500,14404,-406,90,-110,

1964,-4468,14344,-355,125,-119,

1964,-4444,14428,-376,125,-122,

1932,-4504,14416,-312,103,-97,

1860,-4428,14340,-399,116,-133,

1916,-4372,14456,-415,149,-135,

1892,-4520,14280,-373,120,-113,

1948,-4360,14220,-604,130,-96,

1928,-4388,14236,-408,124,-113,

1872,-4448,14352,-428,149,-123,

1884,-4448,14300,-356,94,-133,

1920,-4376,14296,-430,105,-127,

1836,-4472,14260,-362,116,-113,

1956,-4512,14408,-438,116,-108,

1988,-4424,14388,-432,139,-99,

1900,-4440,14448,-377,142,-97,

1928,-4388,14548,-398,126,-124,

1920,-4400,14200,-658,102,-80,

1940,-4400,14224,-386,124,-138,

1916,-4380,14308,-403,107,-135,

1984,-4380,14096,-528,99,-101,

1980,-4348,14284,-415,114,-114,

1960,-4376,14412,-426,133,-123,

1948,-4452,14508,-398,81,-97,

1972,-4508,14368,-377,133,-107,

1904,-4432,14416,-405,121,-123,

1888,-4412,14460,-413,100,-97,

1884,-4448,14300,-398,118,-99,

1980,-4496,14284,-420,107,-95,

1892,-4464,14348,-360,115,-124,

1868,-4336,14272,-402,100,-111,

1936,-4444,14180,-287,106,-139,

2096,-4448,14432,-429,124,-102,

1860,-4368,14324,-421,125,-120,

1980,-4384,14372,-404,130,-98,

1940,-4432,14272,-412,122,-110,

1940,-4328,14196,-379,120,-114,

1968,-4528,14348,-412,129,-127,

1908,-4484,14440,-410,115,-107,

1912,-4420,14292,-442,109,-139,

1928,-4436,14460,-417,130,-110,

1984,-4400,14300,-354,108,-95,

1928,-4388,14372,-374,130,-121,

1868,-4444,14256,-414,141,-110,

1928,-4432,14384,-383,117,-106,

1916,-4456,14284,-572,138,-95,

1928,-4408,14244,-416,100,-117,

1888,-4548,14372,-341,99,-127,

1908,-4424,14356,-424,115,-99,

1904,-4556,14252,-429,123,-106,

1940,-4380,14312,-379,116,-116,

1904,-4456,14408,-429,110,-103,

2044,-4372,14248,-402,112,-139,

1840,-4404,14332,-425,109,-107,

1844,-4432,14456,-341,126,-115,

1840,-4424,14236,-472,140,-111,

1892,-4532,14268,-384,115,-136,

2064,-4488,14384,-459,117,-116,

1796,-4464,14384,-373,110,-119,

1868,-4408,14244,-383,106,-146,

1960,-4456,14320,-371,147,-110,

1904,-4448,14412,-406,131,-141,

1856,-4480,14316,-415,134,-110,

1960,-4428,14312,-386,130,-128,

1936,-4368,14288,-392,117,-112,

1972,-4420,14244,-399,112,-110,

1936,-4368,14272,-401,134,-100,

1976,-4484,14252,-457,136,-111,

2044,-4380,14232,-388,83,-95,

1948,-4456,14280,-376,127,-110,

1964,-4452,14288,-376,132,-127,

1916,-4392,14192,-406,121,-125,

1956,-4396,14352,-392,132,-123,

2012,-4512,14312,-400,122,-111,

1908,-4448,14284,-427,121,-128,

1892,-4456,14352,-393,126,-105,

1988,-4480,14304,-398,110,-96,

1940,-4316,14224,-421,134,-108,

1932,-4424,14268,-422,134,-91,

1980,-4412,14360,-391,126,-95,

1956,-4460,14152,-387,127,-104,

1900,-4440,14368,-366,105,-97,

1956,-4416,14256,-412,145,-108,

2012,-4348,14248,-414,111,-127,

1884,-4492,14456,-444,97,-109,

1964,-4432,14388,-443,117,-115,

2000,-4408,14296,-448,95,-106,

1900,-4460,14304,-411,133,-120,

1812,-4420,14248,-412,114,-121,

1964,-4496,14348,-407,101,-119,

2016,-4476,14300,-421,101,-101,

1900,-4408,14320,-369,118,-126,

1996,-4512,14376,-446,98,-136,

1892,-4420,14200,-400,100,-120,

1948,-4360,14380,-406,101,-113,

2020,-4340,14324,-376,96,-110,

1876,-4356,14280,-420,101,-115,

1916,-4324,14192,-400,123,-114,

1892,-4484,14348,-410,129,-118,

1876,-4444,14356,-406,122,-106,

1904,-4424,14268,-405,105,-108,

1992,-4480,14360,-417,129,-116,

1932,-4560,14212,-374,116,-112,

1940,-4500,14224,-440,122,-121,

1924,-4440,14176,-414,106,-105,

1900,-4476,14352,-399,132,-106,

2028,-4476,14324,-438,134,-109,

2012,-4468,14232,-462,108,-78,

1944,-4496,14256,-373,114,-111,

1924,-4480,14240,-409,129,-128,

1840,-4452,14464,-402,119,-129,

1988,-4348,14416,-335,127,-139,

1924,-4564,14240,-393,138,-111,

1936,-4392,14312,-389,116,-107,

2024,-4500,14400,-379,134,-121,

1948,-4476,14232,-456,145,-102,

1888,-4372,14192,-409,88,-86,

1952,-4360,14388,-408,93,-97,

2008,-4428,14104,-415,141,-114,

1900,-4448,14396,-372,125,-119,

2000,-4476,14332,-391,111,-96,

1924,-4476,14292,-382,122,-110,

1932,-4528,14352,-411,125,-123,

1960,-4456,14400,-400,111,-111,

1852,-4472,14484,-374,123,-119,

1984,-4380,14316,-361,127,-113,

1972,-4312,14296,-394,97,-124,

1996,-4484,14396,-394,103,-117,

1948,-4428,14104,-388,127,-115,

1992,-4400,14324,-335,113,-111,

2000,-4444,14224,-374,123,-105,

1892,-4512,14292,-386,124,-110,

1960,-4500,14340,-417,132,-90,

1908,-4468,14140,-421,108,-131,

1912,-4512,14368,-394,145,-122,

1968,-4424,14448,-372,131,-109,

1868,-4416,14408,-400,127,-109,

1904,-4472,14348,-440,115,-124,

1924,-4484,14304,-411,113,-111,

1952,-4420,14348,-363,122,-114,

1988,-4400,14364,-420,134,-131,

1944,-4396,14372,-395,133,-124,

1912,-4460,14284,-446,143,-110,

1996,-4476,14368,-403,124,-127,

1976,-4432,14268,-423,141,-112,

2000,-4380,14336,-434,118,-110,

1912,-4360,14280,-419,96,-124,

1968,-4468,14264,-386,117,-124,

1940,-4504,14304,-434,114,-127,

1932,-4400,14356,-382,128,-109,

1928,-4444,14240,-433,130,-121,

1848,-4520,14184,-410,85,-119,

1972,-4452,14344,-416,91,-119,

1936,-4468,14148,-421,120,-111,

1868,-4528,14248,-415,113,-131,

1996,-4360,14316,-411,115,-112,

1964,-4512,14388,-353,126,-122,

1932,-4400,14240,-418,127,-113,

1976,-4484,14192,-394,111,-131,

1916,-4468,14404,-393,108,-107,

1988,-4504,14212,-352,134,-125,

1968,-4332,14292,-413,121,-130,

2020,-4412,14336,-405,123,-121,

1932,-4452,14240,-410,108,-107,

1904,-4396,14228,-406,152,-115,

2016,-4444,14356,-426,96,-98,

1936,-4488,14320,-395,113,-129,

2000,-4436,14368,-408,130,-120,

1980,-4520,14316,-392,140,-105,

1924,-4472,14248,-394,113,-95,

1924,-4496,14368,-415,107,-118,

1920,-4480,14276,-408,116,-109,

1956,-4476,14240,-381,115,-107,

1888,-4404,14412,-441,130,-119,

1924,-4508,14396,-447,117,-98,

1912,-4496,14276,-367,139,-119,

1852,-4476,14340,-4,124,-147,

1936,-4420,14220,-411,126,-93,

1932,-4400,14276,-457,103,-121,

1840,-4468,14200,-497,107,-99,

1892,-4472,14244,-324,126,-129,

1852,-4284,14272,-396,112,-123,

1996,-4404,14184,-406,124,-102,

1924,-4468,14276,-307,139,-125,

1996,-4468,14380,-336,101,-116,

1944,-4456,14248,-388,126,-107,

1908,-4420,14260,-464,92,-97,

1936,-4396,14204,-429,130,-119,

1972,-4556,14240,-373,114,-112,

1892,-4460,14356,-184,122,-159,

1932,-4512,14276,-421,115,-96,

1968,-4448,14284,-419,121,-104,

1972,-4552,14240,-446,114,-127,

2008,-4364,14204,-451,106,-129,

1956,-4472,14292,-380,117,-132,

2000,-4520,14436,-405,128,-105,

2028,-4380,14392,-406,91,-120,

1932,-4432,14192,-341,110,-102,

1920,-4516,14296,-423,111,-102,

1932,-4332,14244,-358,125,-100,

1924,-4440,14244,-343,116,-113,

1960,-4448,14360,-405,126,-130,

1852,-4168,14252,-829,30,-84,
